kinematics:
  shoulder:
    x: 0
    y: 0
    z: 0.1623325052583328
    roll: -0
    pitch: 0
    yaw: -5.728113539743562e-08
  upper_arm:
    x: -2.643988640423323e-05
    y: 0
    z: 0
    roll: 1.569082222495569
    pitch: 0
    yaw: -1.17127690829025e-05
  forearm:
    x: -0.42531604727493
    y: 0
    z: 0
    roll: 0.002311070474477154
    pitch: 0.002962676954059862
    yaw: 1.855079975037649e-06
  wrist_1:
    x: -0.3920737004861881
    y: 0.0001405285572150792
    z: 0.1342168851084664
    roll: 3.140545628055342
    pitch: 3.141078848682561
    yaw: -3.141591982842308
  wrist_2:
    x: 0.0001086761368427753
    y: -0.09972751465660923
    z: 2.656911846948044e-05
    roll: 1.570529909668867
    pitch: 0
    yaw: -9.175886031068115e-07
  wrist_3:
    x: 5.269326191485624e-05
    y: 0.09951430677025373
    z: -1.72175883125529e-05
    roll: 1.570623310585473
    pitch: 3.141592653589793
    yaw: -3.141592563423351
  hash: calib_3421934514225723776